17	2	10	5	13	13	5	-	23	-	19	14	23	22	2	-	16	-	11
6	-	6 	-	3 	-	10	2 	21	21	5	-	4 	-	4 	3 	7 	4 	5
6 	3 	6 	12	24	1 	5 	- 	23	- 	25	6 	10	15	24	-	3 	-	15
18	-	9 	-	10	-	19	5 	3 	21	8	-	2 	-	9 	7 	20	19	11
5 	18	24	14	6 	19	-	19	-	-	9 	24	22	20	-	10	- 	5 	-
-	24	-	20	-	8 	5 	14	8	9	-	3	-	10	2	5	3	3	20
2	1	24	3	6	9	-	11	-	8	19	14	24	9	-	19	-	21	-	9	24	25	2	10	5
-	1	-	21	-	5	17	9	6	10	-	6	-	9	5	2	9	11	15	11	-	5	-	24	-
19	20	12	11	22	-	5	-	-	25	5	16	16	5	-	25	-	14	-	21	2	12	5	8	21
-	-	5	-	5	14	14	8	22	6	-	11	-	-	16	11	9	2	25	11	-	2	-	18	-
19	22	24	1	5	-	6	-	5	-	15	11	9	9	7	-	8	-	6	-	14	24	17	2	10
8	-	12	-	9	10	6	13	5	-	2	-	24	-	18	23	14	6	22	-	8	-	5	-	11
17	5	5	6	9	-	22	-	3	7	13	4	10	2	22	-	24	-	6	22	15	24	25	5	19
5	-	9	-	24	10	5	4	24	-	13	-	5	-	11	19	19	11	9	-	2	-	6	-	20